total_inner_iterations,totim,kper,kstp,nouter,inner_iterations,solution_outer_dvmax,solution_outer_dvmax_model,solution_outer_dvmax_package,solution_outer_dvmax_node
8,1.000000000000000,1,1,1,8,-47.45752322738139,1,,79
87,1.000000000000000,1,1,2,79,-18.03303457095512,2,,29583
187,1.000000000000000,1,1,3,100,-9.699531187011473,2,,3574
257,1.000000000000000,1,1,4,70,-7.760345994046759,2,,10971
322,1.000000000000000,1,1,5,65,-4.581145338547969,2,,11228
422,1.000000000000000,1,1,6,100,-2.516668592535211,2,,25437
437,1.000000000000000,1,1,7,15,-1.412111769313526,2,,12650
454,1.000000000000000,1,1,8,17,-.5777788380858055,2,,6323
472,1.000000000000000,1,1,9,18,-.4288624368120963,2,,4738
489,1.000000000000000,1,1,10,17,-.4131279711082243,2,,23862
510,1.000000000000000,1,1,11,21,-.3544638887216252,2,,4736
537,1.000000000000000,1,1,12,27,-.4671295764429715,2,,23860
557,1.000000000000000,1,1,13,20,-.2917883762868314,2,,23775
578,1.000000000000000,1,1,14,21,-.2664959567773053,2,,23774
599,1.000000000000000,1,1,15,21,-.2000281177307670,2,,4649
619,1.000000000000000,1,1,16,20,-.1367985097261908,2,,4649
639,1.000000000000000,1,1,17,20,-.1174705460908854,2,,4564
658,1.000000000000000,1,1,18,19,-.1168876247617732,2,,4564
677,1.000000000000000,1,1,19,19,-.1138239709136997,2,,4564
695,1.000000000000000,1,1,20,18,-.1081736685859482,2,,4564
713,1.000000000000000,1,1,21,18,-.1009571130522886,2,,4564
731,1.000000000000000,1,1,22,18,-.4812855870346766E-01,2,,4653
748,1.000000000000000,1,1,23,17,-.4119767163973620E-01,2,,4653
765,1.000000000000000,1,1,24,17,-.3667461968285579E-01,2,,4653
782,1.000000000000000,1,1,25,17,-.3032175991580743E-01,2,,4565
799,1.000000000000000,1,1,26,17,-.2686024787828956E-01,2,,4565
816,1.000000000000000,1,1,27,17,-.2358455946580307E-01,2,,4565
832,1.000000000000000,1,1,28,16,-.2049860679613857E-01,2,,4565
849,1.000000000000000,1,1,29,17,-.1809745291478748E-01,2,,4565
865,1.000000000000000,1,1,30,16,-.1562539893166104E-01,2,,4565
881,1.000000000000000,1,1,31,16,-.1372033912701909E-01,2,,4565
897,1.000000000000000,1,1,32,16,-.1179397976045493E-01,2,,4565
913,1.000000000000000,1,1,33,16,-.1027992576700854E-01,2,,4565
922,1.000000000000000,1,1,34,9,-.6247468464891881E-02,2,,4565
929,32.00000000000000,2,1,1,7,.9647332241925710,1,,2723
937,32.00000000000000,2,1,2,8,.3578895607358845E-01,1,,1779
943,32.00000000000000,2,1,3,6,-.1545020600019598E-01,2,,10370
946,32.00000000000000,2,1,4,3,.1099837540402859E-01,2,,3995
949,32.00000000000000,2,1,5,3,-.1780878110413289,2,SFR_0,6
951,32.00000000000000,2,1,6,2,.4827416519568362E-01,2,SFR_0,4
953,32.00000000000000,2,1,7,2,.1873912567526621E-01,2,SFR_0,4
954,32.00000000000000,2,1,8,1,.1004906813176959E-01,2,SFR_0,4
955,32.00000000000000,2,1,9,1,.4126620379215636E-02,2,SFR_0,4
964,61.00000000000000,3,1,1,9,-.1903532880251646,1,,478
972,61.00000000000000,3,1,2,8,.4516915724610726E-01,1,,478
977,61.00000000000000,3,1,3,5,-7.474871503728378,2,SFR_0,6
979,61.00000000000000,3,1,4,2,-1.365443463549797,2,SFR_0,6
981,61.00000000000000,3,1,5,2,-.1681670034089653,2,SFR_0,6
982,61.00000000000000,3,1,6,1,.3580047751237353E-01,2,SFR_0,4
983,61.00000000000000,3,1,7,1,.1375148937711593E-01,2,SFR_0,4
984,61.00000000000000,3,1,8,1,.1317875329219388E-01,2,SFR_0,4
985,61.00000000000000,3,1,9,1,.9150219054060134E-02,2,SFR_0,4
994,92.00000000000000,4,1,1,9,.4033628932559168,1,,1170
1001,92.00000000000000,4,1,2,7,.7928066727527039E-01,1,,2467
1005,92.00000000000000,4,1,3,4,-10.85466671404980,2,SFR_0,6
1007,92.00000000000000,4,1,4,2,-.9756890767862938,2,SFR_0,6
1009,92.00000000000000,4,1,5,2,-.9000480412347085E-01,2,SFR_0,6
1010,92.00000000000000,4,1,6,1,.3708140047362821E-01,2,SFR_0,4
1011,92.00000000000000,4,1,7,1,.1328586803991045E-01,2,SFR_0,4
1012,92.00000000000000,4,1,8,1,.1019216131593779E-01,2,SFR_0,4
1013,92.00000000000000,4,1,9,1,.7746736800731933E-02,2,SFR_0,4
1021,122.0000000000000,5,1,1,8,.6958445074903352,1,,1208
1028,122.0000000000000,5,1,2,7,-.1827431559930801,1,,478
1032,122.0000000000000,5,1,3,4,.3752775721210355E-01,2,,3995
1036,122.0000000000000,5,1,4,4,-.2700051664339753E-01,2,,3995
1039,122.0000000000000,5,1,5,3,.1060009649705762E-01,2,,3995
1042,122.0000000000000,5,1,6,3,-.3145670388789767E-02,2,,3995
1049,153.0000000000000,6,1,1,7,-.9325432354093550,1,,2723
1057,153.0000000000000,6,1,2,8,-.2181475056656836,1,,2471
1061,153.0000000000000,6,1,3,4,-.2940884720493386E-01,1,,2471
1065,153.0000000000000,6,1,4,4,-1.360758754826153,2,SFR_0,6
1068,153.0000000000000,6,1,5,3,-.3821381009441436,2,SFR_0,18
1070,153.0000000000000,6,1,6,2,-.1256374466391777,2,SFR_0,18
1071,153.0000000000000,6,1,7,1,-.4057475103894635E-01,2,SFR_0,18
1072,153.0000000000000,6,1,8,1,-.1507574071479734E-01,2,SFR_0,18
1073,153.0000000000000,6,1,9,1,-.1131611234729981E-01,2,SFR_0,18
1074,153.0000000000000,6,1,10,1,-.8516129278512382E-02,2,SFR_0,18
1082,183.0000000000000,7,1,1,8,-4.214196016248763,1,,2723
1092,183.0000000000000,7,1,2,10,.3470952237902907,1,,556
1100,183.0000000000000,7,1,3,8,-.3739584491086134E-01,2,,3995
1104,183.0000000000000,7,1,4,4,.1652712342706764E-01,2,,3995
1107,183.0000000000000,7,1,5,3,-.1767312417953446,2,SFR_0,6
1109,183.0000000000000,7,1,6,2,.6737164162103992E-01,2,SFR_0,4
1111,183.0000000000000,7,1,7,2,.2766800292580738E-01,2,SFR_0,4
1112,183.0000000000000,7,1,8,1,.1981018814031300E-01,2,SFR_0,4
1113,183.0000000000000,7,1,9,1,.6731248530956060E-02,2,SFR_0,4
1121,214.0000000000000,8,1,1,8,-.4981460850570443,1,,2997
1131,214.0000000000000,8,1,2,10,-.1301300731844890,2,,25411
1139,214.0000000000000,8,1,3,8,-.1389267883592993E-01,2,,4165
1145,214.0000000000000,8,1,4,6,1.430926818288550,2,SFR_0,16
1148,214.0000000000000,8,1,5,3,.3669281349967004,2,SFR_0,16
1151,214.0000000000000,8,1,6,3,.8019885124468228E-01,2,SFR_0,16
1153,214.0000000000000,8,1,7,2,.4374359756051248E-01,2,SFR_0,4
1154,214.0000000000000,8,1,8,1,.1677727718752434E-01,2,SFR_0,4
1155,214.0000000000000,8,1,9,1,.6213581246327239E-02,2,SFR_0,4
1164,245.0000000000000,9,1,1,9,1.884251370015704,1,,2723
1172,245.0000000000000,9,1,2,8,-.1194389632879052,1,,478
1179,245.0000000000000,9,1,3,7,.2793238207812010E-01,1,,478
1182,245.0000000000000,9,1,4,3,-1.395229116397558,2,SFR_0,6
1184,245.0000000000000,9,1,5,2,-.1731885825124336,2,SFR_0,6
1186,245.0000000000000,9,1,6,2,.5346601097478374E-01,2,SFR_0,4
1187,245.0000000000000,9,1,7,1,.3751146677891324E-01,2,SFR_0,4
1188,245.0000000000000,9,1,8,1,.1208125470471047E-01,2,SFR_0,4
1189,245.0000000000000,9,1,9,1,.9594187229128642E-02,2,SFR_0,4
1198,275.0000000000000,10,1,1,9,1.850960452393508,1,,2723
1206,275.0000000000000,10,1,2,8,-.4710366761241858E-01,1,,177
1212,275.0000000000000,10,1,3,6,-.1591148968918787E-01,2,,3910
1216,275.0000000000000,10,1,4,4,-1.387434067935177,2,SFR_0,6
1218,275.0000000000000,10,1,5,2,-.1700810723215933,2,SFR_0,6
1220,275.0000000000000,10,1,6,2,.3043198925127848E-01,2,SFR_0,4
1221,275.0000000000000,10,1,7,1,.2488182610158327E-01,2,SFR_0,4
1222,275.0000000000000,10,1,8,1,.8521474086442991E-02,2,SFR_0,4
1230,306.0000000000000,11,1,1,8,1.150337579818881,1,,2723
1239,306.0000000000000,11,1,2,9,.3489546166002810E-01,1,,3016
1246,306.0000000000000,11,1,3,7,-.1362191032029614E-01,2,,3910
1250,306.0000000000000,11,1,4,4,-1.275368922719937,2,SFR_0,6
1252,306.0000000000000,11,1,5,2,-.1657122546968530,2,SFR_0,6
1254,306.0000000000000,11,1,6,2,-.3138895877330689E-01,2,SFR_0,4
1255,306.0000000000000,11,1,7,1,-.2503639142583232E-01,2,SFR_0,4
1256,306.0000000000000,11,1,8,1,-.9939236993102653E-02,2,SFR_0,4
1264,336.0000000000000,12,1,1,8,-.7351085019851666,1,,2419
1271,336.0000000000000,12,1,2,7,.3709351964351981E-01,2,,23779
1275,336.0000000000000,12,1,3,4,-.1157655422838388E-01,2,,3910
1278,336.0000000000000,12,1,4,3,-1.458475373283394,2,SFR_0,6
1280,336.0000000000000,12,1,5,2,-.1811925756157469,2,SFR_0,6
1282,336.0000000000000,12,1,6,2,-.2348718022613553E-01,2,SFR_0,6
1283,336.0000000000000,12,1,7,1,.1200495738778573E-01,2,SFR_0,4
1284,336.0000000000000,12,1,8,1,.4589593597525448E-02,2,SFR_0,4
1291,367.0000000000000,13,1,1,7,-.2024104306040613,1,,2419
1298,367.0000000000000,13,1,2,7,-.4002827233478001E-01,1,,152
1302,367.0000000000000,13,1,3,4,-.1280058313733434E-01,2,,3910
1305,367.0000000000000,13,1,4,3,-1.474693542573501,2,SFR_0,6
1308,367.0000000000000,13,1,5,3,-.1817715983601325,2,SFR_0,6
1310,367.0000000000000,13,1,6,2,-.2450498760464810E-01,2,SFR_0,6
1311,367.0000000000000,13,1,7,1,.5851291341240327E-02,2,SFR_0,4
