col1,col2
"[[ 0.00000000e+00 -1.08458123e-40 -5.50859696e-38 -1.17993194e-35
  -9.51654760e-34  1.20682978e-31  4.61455020e-29  6.88894842e-27
   6.45111760e-25  4.14216225e-23  1.85474911e-21  5.69730474e-20
   1.16965307e-18  1.68278038e-17  1.56140941e-16  1.01569694e-15
   1.56136697e-16  1.68258109e-17  1.16918831e-18  5.69044619e-20
   1.84897816e-21  4.11415267e-23  6.36735328e-25  6.72576484e-27
   4.40044195e-29  1.01722758e-31 -1.06365373e-33 -1.22023823e-35
  -5.57741667e-38 -1.08490791e-40  0.00000000e+00]
 [-1.08458123e-40 -5.22395967e-38 -1.12488068e-35 -9.72793738e-34
   1.00880691e-31  4.40798733e-29  7.07905148e-27  7.20821133e-25
   5.13770772e-23  2.63337289e-21  9.68846787e-20  2.50740601e-18
   4.47118100e-17  5.86985362e-16  4.61098706e-15  2.13265679e-14
   4.61087458e-15  5.86926958e-16  4.46969152e-17  2.50486969e-18
   9.66334570e-20  2.61892271e-21  5.08584258e-23  7.08452266e-25
   6.87481170e-27  4.16978271e-29  8.13065100e-32 -1.08251913e-33
  -1.16330177e-35 -5.28935671e-38 -1.08490486e-40]
 [-5.50859696e-38 -1.12488068e-35 -9.76792167e-34  9.14346984e-32
   4.29536267e-29  7.25209950e-27  7.86778267e-25  6.07810006e-23
   3.44581770e-21  1.43898494e-19  4.37309761e-18  9.43780514e-17
   1.42067662e-15  1.67833903e-14  1.14723310e-13  3.05911690e-13
   1.14720862e-13  1.67819793e-14  1.42027835e-15  9.42968388e-17
   4.36348552e-18  1.43241981e-19  3.41780491e-21  5.99785641e-23
   7.70572454e-25  7.01466775e-27  4.04030578e-29  7.15109734e-32
  -1.08608634e-33 -1.16350708e-35 -5.57778865e-38]
 [-1.17993194e-35 -9.72793738e-34  9.14346984e-32  4.25714223e-29
   7.34016997e-27  8.29444025e-25  6.79561759e-23  4.15863291e-21
   1.91000176e-19  6.52447534e-18  1.62320823e-16  2.84397441e-15
   3.39231294e-14  1.95388246e-13  2.36400855e-12  1.37368926e-11
   2.36396766e-12  1.95376428e-13  3.39152785e-14  2.84190143e-15
   1.62015898e-16  6.49931174e-18  1.89721126e-19  4.11498964e-21
   6.68959549e-23  8.10426236e-25  7.08327364e-27  3.99442892e-29
   7.13136923e-32 -1.08422313e-33 -1.22089769e-35]
 [-9.51654760e-34  1.00880691e-31  4.29536267e-29  7.34016997e-27
   8.44204376e-25  7.18570129e-23  4.65212499e-21  2.29940044e-19
   8.60252567e-18  2.39189570e-16  4.79647227e-15  6.61231924e-14
   5.55390528e-13  1.07097662e-11  1.00324365e-10  5.51119180e-10
   1.00322831e-10  1.07092114e-11  5.55295913e-13  6.60852022e-14
   4.78884664e-15  2.38404859e-16  8.55434689e-18  2.27982190e-19
   4.59544959e-21  7.06334070e-23  8.23954662e-25  7.07961777e-27
   4.03408217e-29  8.07104255e-32 -1.06723756e-33]
 [ 1.20682978e-31  4.40798733e-29  7.25209950e-27  8.29444025e-25
   7.18570129e-23  4.82907640e-21  2.52163025e-19  1.01347512e-17
   3.08314333e-16  6.93310038e-15  1.11532947e-13  1.22224299e-12
   2.99026677e-11  5.30668092e-10  2.24569533e-09  9.68186644e-09
   2.24566856e-09  5.30652924e-10  2.99003687e-11  1.22166171e-12
   1.11391921e-13  6.91403640e-15  3.06870833e-16  1.00641180e-17
   2.49730354e-19  4.76649856e-21  7.06103329e-23  8.09791119e-25
   7.00423378e-27  4.15774585e-29  1.00720284e-31]
 [ 4.61455020e-29  7.07905148e-27  7.86778267e-25  6.79561759e-23
   4.65212499e-21  2.52163025e-19  1.07017633e-17  3.49795302e-16
   8.64258906e-15  1.58353532e-13  2.10761565e-12  6.21484251e-11
   1.34376872e-09  9.73809426e-09  6.43608112e-09 -4.02983610e-07
   6.43632565e-09  9.73800008e-09  1.34369907e-09  6.21440223e-11
   2.10568343e-12  1.58012949e-13  8.60962324e-15  3.47826226e-16
   1.06202864e-17  2.49670959e-19  4.59297919e-21  6.68340181e-23
   7.69448122e-25  6.85917115e-27  4.38334944e-29]
 [ 6.88894842e-27  7.20821133e-25  6.07810006e-23  4.15863291e-21
   2.29940044e-19  1.01347512e-17  3.49795302e-16  9.30126658e-15
   1.88692219e-13  2.90564866e-12  9.94413339e-11  2.43167656e-09
   1.93995928e-08 -1.46317023e-07 -6.43523822e-06 -8.63863278e-05
  -6.43523441e-06 -1.46313578e-07  1.93992473e-08  2.43155477e-09
   9.94371078e-11  2.90155401e-12  1.88155685e-13  9.26087361e-15
   3.47763784e-16  1.00601251e-17  2.27833854e-19  4.11103298e-21
   5.98967866e-23  7.07095029e-25  6.70715815e-27]
 [ 6.45111760e-25  5.13770772e-23  3.44581770e-21  1.91000176e-19
   8.60252567e-18  3.08314333e-16  8.64258906e-15  1.88692219e-13
   3.23122196e-12  1.25438431e-10  3.38958810e-09  2.74550968e-08
  -6.69379477e-07 -3.98894447e-05 -1.27262899e-03 -1.84407408e-02
  -1.27262905e-03 -3.98894605e-05 -6.69362784e-07  2.74530793e-08
   3.38956452e-09  1.25437863e-10  3.22575982e-12  1.88132825e-13
   8.60718018e-15  3.06728893e-16  8.54870057e-18  1.89552688e-19
   3.41380214e-21  5.07800174e-23  6.35423901e-25]
 [ 4.14216225e-23  2.63337289e-21  1.43898494e-19  6.52447534e-18
   2.39189570e-16  6.93310038e-15  1.58353532e-13  2.90564866e-12
   1.25438431e-10  3.77233814e-09  3.12767869e-08 -1.51719800e-06
  -1.27384686e-04 -6.92847229e-03 -2.25177507e-01 -3.10359326e+00
  -2.25177507e-01 -6.92847237e-03 -1.27384808e-04 -1.51715056e-06
   3.12711088e-08  3.77245483e-09  1.25438652e-10  2.90112711e-12
   1.57968498e-13  6.91114204e-15  2.38272440e-16  6.49472668e-18
   1.43115404e-19  2.61601519e-21  4.10833838e-23]
 [ 1.85474911e-21  9.68846787e-20  4.37309761e-18  1.62320823e-16
   4.79647227e-15  1.11532947e-13  2.10761565e-12  9.94413339e-11
   3.38958810e-09  3.12767869e-08 -1.97337123e-06 -2.24628918e-04
  -1.80000132e-02 -9.59806358e-01 -2.92711817e+01 -3.70759177e+02
  -2.92711817e+01 -9.59806357e-01 -1.80000131e-02 -2.24629209e-04
  -1.97329885e-06  3.12705650e-08  3.38961054e-09  9.94381205e-11
   2.10529781e-12  1.11361961e-13  4.78711846e-15  1.61943278e-16
   4.36110371e-18  9.65691338e-20  1.84745880e-21]
 [ 5.69730474e-20  2.50740601e-18  9.43780514e-17  2.84397441e-15
   6.61231924e-14  1.22224299e-12  6.21484251e-11  2.43167656e-09
   2.74550968e-08 -1.51719800e-06 -2.24628918e-04 -2.44220038e-02
  -1.88719354e+00 -9.16647930e+01 -2.40029467e+03 -2.22431881e+04
  -2.40029467e+03 -9.16647930e+01 -1.88719354e+00 -2.44220036e-02
  -2.24629220e-04 -1.51714580e-06  2.74525021e-08  2.43156778e-09
   6.21439813e-11  1.22150921e-12  6.60750667e-14  2.84131924e-15
   9.42732611e-17  2.50411174e-18  5.68833873e-20]
 [ 1.16965307e-18  4.47118100e-17  1.42067662e-15  3.39231294e-14
   5.55390528e-13  2.99026677e-11  1.34376872e-09  1.93995928e-08
  -6.69379477e-07 -1.27384686e-04 -1.80000132e-02 -1.88719354e+00
  -1.28818938e+02 -5.00530151e+03 -7.47978255e+04 -2.69683409e+05
  -7.47978255e+04 -5.00530151e+03 -1.28818938e+02 -1.88719354e+00
  -1.80000131e-02 -1.27384821e-04 -6.69360336e-07  1.93991333e-08
   1.34369427e-09  2.98999906e-11  5.55272580e-13  3.39132180e-14
   1.42016905e-15  4.46926734e-17  1.16905109e-18]
 [ 1.68278038e-17  5.86985362e-16  1.67833903e-14  1.95388246e-13
   1.07097662e-11  5.30668092e-10  9.73809426e-09 -1.46317023e-07
  -3.98894447e-05 -6.92847229e-03 -9.59806358e-01 -9.16647930e+01
  -5.00530151e+03 -9.91373032e+04 -4.18092474e+05 -3.72750414e+05
  -4.18092474e+05 -9.91373032e+04 -5.00530151e+03 -9.16647930e+01
  -9.59806357e-01 -6.92847239e-03 -3.98894628e-05 -1.46313043e-07
   9.73798668e-09  5.30650898e-10  1.07091139e-11  1.95374171e-13
   1.67817019e-14  5.86915014e-16  1.68253874e-17]
 [ 1.56140941e-16  4.61098706e-15  1.14723310e-13  2.36400855e-12
   1.00324365e-10  2.24569533e-09  6.43608112e-09 -6.43523822e-06
  -1.27262899e-03 -2.25177507e-01 -2.92711817e+01 -2.40029467e+03
  -7.47978255e+04 -4.18092474e+05 -3.36310191e+05 -5.85159970e+04
  -3.36310191e+05 -4.18092474e+05 -7.47978255e+04 -2.40029467e+03
  -2.92711817e+01 -2.25177507e-01 -1.27262906e-03 -6.43523375e-06
   6.43636478e-09  2.24566503e-09  1.00322610e-10  2.36396263e-12
   1.14720573e-13  4.61086150e-15  1.56136208e-16]
 [ 1.01569694e-15  2.13265679e-14  3.05911690e-13  1.37368926e-11
   5.51119180e-10  9.68186644e-09 -4.02983610e-07 -8.63863278e-05
  -1.84407408e-02 -3.10359326e+00 -3.70759177e+02 -2.22431881e+04
  -2.69683409e+05 -3.72750414e+05 -5.85159970e+04 -6.76538017e+01
  -5.85159970e+04 -3.72750414e+05 -2.69683409e+05 -2.22431881e+04
  -3.70759177e+02 -3.10359326e+00 -1.84407408e-02 -8.63863276e-05
  -4.02983613e-07  9.68186601e-09  5.51119146e-10  1.37368921e-11
   3.05911705e-13  2.13265691e-14  1.01569696e-15]
 [ 1.56136697e-16  4.61087458e-15  1.14720862e-13  2.36396766e-12
   1.00322831e-10  2.24566856e-09  6.43632565e-09 -6.43523441e-06
  -1.27262905e-03 -2.25177507e-01 -2.92711817e+01 -2.40029467e+03
  -7.47978255e+04 -4.18092474e+05 -3.36310191e+05 -5.85159970e+04
  -3.36310191e+05 -4.18092474e+05 -7.47978255e+04 -2.40029467e+03
  -2.92711817e+01 -2.25177507e-01 -1.27262899e-03 -6.43523822e-06
   6.43607853e-09  2.24569520e-09  1.00324365e-10  2.36400854e-12
   1.14723308e-13  4.61098700e-15  1.56140939e-16]
 [ 1.68258109e-17  5.86926958e-16  1.67819793e-14  1.95376428e-13
   1.07092114e-11  5.30652924e-10  9.73800008e-09 -1.46313578e-07
  -3.98894605e-05 -6.92847237e-03 -9.59806357e-01 -9.16647930e+01
  -5.00530151e+03 -9.91373032e+04 -4.18092474e+05 -3.72750414e+05
  -4.18092474e+05 -9.91373032e+04 -5.00530151e+03 -9.16647930e+01
  -9.59806358e-01 -6.92847229e-03 -3.98894446e-05 -1.46317026e-07
   9.73809412e-09  5.30668078e-10  1.07097661e-11  1.95388245e-13
   1.67833902e-14  5.86985356e-16  1.68278037e-17]
 [ 1.16918831e-18  4.46969152e-17  1.42027835e-15  3.39152785e-14
   5.55295913e-13  2.99003687e-11  1.34369907e-09  1.93992473e-08
  -6.69362784e-07 -1.27384808e-04 -1.80000131e-02 -1.88719354e+00
  -1.28818938e+02 -5.00530151e+03 -7.47978255e+04 -2.69683409e+05
  -7.47978255e+04 -5.00530151e+03 -1.28818938e+02 -1.88719354e+00
  -1.80000132e-02 -1.27384686e-04 -6.69379480e-07  1.93995926e-08
   1.34376870e-09  2.99026674e-11  5.55390524e-13  3.39231292e-14
   1.42067661e-15  4.47118097e-17  1.16965306e-18]
 [ 5.69044619e-20  2.50486969e-18  9.42968388e-17  2.84190143e-15
   6.60852022e-14  1.22166171e-12  6.21440223e-11  2.43155477e-09
   2.74530793e-08 -1.51715056e-06 -2.24629209e-04 -2.44220036e-02
  -1.88719354e+00 -9.16647930e+01 -2.40029467e+03 -2.22431881e+04
  -2.40029467e+03 -9.16647930e+01 -1.88719354e+00 -2.44220039e-02
  -2.24628918e-04 -1.51719800e-06  2.74550967e-08  2.43167655e-09
   6.21484247e-11  1.22224299e-12  6.61231921e-14  2.84397440e-15
   9.43780510e-17  2.50740600e-18  5.69730472e-20]
 [ 1.84897816e-21  9.66334570e-20  4.36348552e-18  1.62015898e-16
   4.78884664e-15  1.11391921e-13  2.10568343e-12  9.94371078e-11
   3.38956452e-09  3.12711088e-08 -1.97329885e-06 -2.24629220e-04
  -1.80000131e-02 -9.59806357e-01 -2.92711817e+01 -3.70759177e+02
  -2.92711817e+01 -9.59806358e-01 -1.80000132e-02 -2.24628918e-04
  -1.97337123e-06  3.12767871e-08  3.38958811e-09  9.94413339e-11
   2.10761565e-12  1.11532947e-13  4.79647226e-15  1.62320823e-16
   4.37309760e-18  9.68846785e-20  1.85474911e-21]
 [ 4.11415267e-23  2.61892271e-21  1.43241981e-19  6.49931174e-18
   2.38404859e-16  6.91403640e-15  1.58012949e-13  2.90155401e-12
   1.25437863e-10  3.77245483e-09  3.12705650e-08 -1.51714580e-06
  -1.27384821e-04 -6.92847239e-03 -2.25177507e-01 -3.10359326e+00
  -2.25177507e-01 -6.92847229e-03 -1.27384686e-04 -1.51719800e-06
   3.12767871e-08  3.77233816e-09  1.25438432e-10  2.90564866e-12
   1.58353532e-13  6.93310037e-15  2.39189570e-16  6.52447533e-18
   1.43898494e-19  2.63337289e-21  4.14216225e-23]
 [ 6.36735329e-25  5.08584258e-23  3.41780491e-21  1.89721126e-19
   8.55434689e-18  3.06870833e-16  8.60962324e-15  1.88155685e-13
   3.22575982e-12  1.25438652e-10  3.38961054e-09  2.74525021e-08
  -6.69360336e-07 -3.98894628e-05 -1.27262906e-03 -1.84407408e-02
  -1.27262899e-03 -3.98894446e-05 -6.69379480e-07  2.74550967e-08
   3.38958811e-09  1.25438432e-10  3.23122197e-12  1.88692219e-13
   8.64258906e-15  3.08314333e-16  8.60252566e-18  1.91000176e-19
   3.44581770e-21  5.13770772e-23  6.45111759e-25]
 [ 6.72576484e-27  7.08452266e-25  5.99785641e-23  4.11498964e-21
   2.27982190e-19  1.00641180e-17  3.47826226e-16  9.26087361e-15
   1.88132825e-13  2.90112711e-12  9.94381205e-11  2.43156778e-09
   1.93991333e-08 -1.46313043e-07 -6.43523375e-06 -8.63863276e-05
  -6.43523822e-06 -1.46317026e-07  1.93995926e-08  2.43167655e-09
   9.94413339e-11  2.90564866e-12  1.88692219e-13  9.30126659e-15
   3.49795302e-16  1.01347512e-17  2.29940044e-19  4.15863291e-21
   6.07810006e-23  7.20821132e-25  6.88894841e-27]
 [ 4.40044195e-29  6.87481170e-27  7.70572455e-25  6.68959549e-23
   4.59544959e-21  2.49730354e-19  1.06202864e-17  3.47763784e-16
   8.60718018e-15  1.57968498e-13  2.10529781e-12  6.21439813e-11
   1.34369427e-09  9.73798668e-09  6.43636478e-09 -4.02983613e-07
   6.43607853e-09  9.73809412e-09  1.34376870e-09  6.21484247e-11
   2.10761565e-12  1.58353532e-13  8.64258906e-15  3.49795302e-16
   1.07017633e-17  2.52163025e-19  4.65212499e-21  6.79561758e-23
   7.86778265e-25  7.07905146e-27  4.61455018e-29]
 [ 1.01722758e-31  4.16978271e-29  7.01466775e-27  8.10426236e-25
   7.06334070e-23  4.76649856e-21  2.49670959e-19  1.00601251e-17
   3.06728893e-16  6.91114204e-15  1.11361961e-13  1.22150921e-12
   2.98999906e-11  5.30650898e-10  2.24566503e-09  9.68186601e-09
   2.24569520e-09  5.30668078e-10  2.99026674e-11  1.22224299e-12
   1.11532947e-13  6.93310037e-15  3.08314333e-16  1.01347512e-17
   2.52163025e-19  4.82907639e-21  7.18570128e-23  8.29444023e-25
   7.25209948e-27  4.40798730e-29  1.20682975e-31]
 [-1.06365373e-33  8.13065100e-32  4.04030578e-29  7.08327364e-27
   8.23954662e-25  7.06103329e-23  4.59297919e-21  2.27833854e-19
   8.54870057e-18  2.38272440e-16  4.78711846e-15  6.60750667e-14
   5.55272580e-13  1.07091139e-11  1.00322610e-10  5.51119146e-10
   1.00324365e-10  1.07097661e-11  5.55390524e-13  6.61231921e-14
   4.79647226e-15  2.39189570e-16  8.60252566e-18  2.29940044e-19
   4.65212499e-21  7.18570128e-23  8.44204374e-25  7.34016994e-27
   4.29536263e-29  1.00880688e-31 -9.51654787e-34]
 [-1.22023823e-35 -1.08251913e-33  7.15109734e-32  3.99442892e-29
   7.07961777e-27  8.09791119e-25  6.68340181e-23  4.11103298e-21
   1.89552688e-19  6.49472668e-18  1.61943278e-16  2.84131924e-15
   3.39132180e-14  1.95374171e-13  2.36396263e-12  1.37368921e-11
   2.36400854e-12  1.95388245e-13  3.39231292e-14  2.84397440e-15
   1.62320823e-16  6.52447533e-18  1.91000176e-19  4.15863291e-21
   6.79561758e-23  8.29444023e-25  7.34016994e-27  4.25714219e-29
   9.14346949e-32 -9.72793764e-34 -1.17993196e-35]
 [-5.57741667e-38 -1.16330177e-35 -1.08608634e-33  7.13136923e-32
   4.03408217e-29  7.00423378e-27  7.69448122e-25  5.98967866e-23
   3.41380214e-21  1.43115404e-19  4.36110371e-18  9.42732611e-17
   1.42016905e-15  1.67817019e-14  1.14720573e-13  3.05911705e-13
   1.14723308e-13  1.67833902e-14  1.42067661e-15  9.43780510e-17
   4.37309760e-18  1.43898494e-19  3.44581770e-21  6.07810006e-23
   7.86778265e-25  7.25209948e-27  4.29536263e-29  9.14346949e-32
  -9.76792193e-34 -1.12488070e-35 -5.50859701e-38]
 [-1.08490791e-40 -5.28935671e-38 -1.16350708e-35 -1.08422313e-33
   8.07104255e-32  4.15774585e-29  6.85917115e-27  7.07095029e-25
   5.07800174e-23  2.61601519e-21  9.65691338e-20  2.50411174e-18
   4.46926734e-17  5.86915014e-16  4.61086150e-15  2.13265691e-14
   4.61098700e-15  5.86985356e-16  4.47118097e-17  2.50740600e-18
   9.68846785e-20  2.63337289e-21  5.13770772e-23  7.20821132e-25
   7.07905146e-27  4.40798730e-29  1.00880688e-31 -9.72793764e-34
  -1.12488070e-35 -5.22395972e-38 -1.08458124e-40]
 [ 0.00000000e+00 -1.08490486e-40 -5.57778865e-38 -1.22089769e-35
  -1.06723756e-33  1.00720284e-31  4.38334944e-29  6.70715815e-27
   6.35423901e-25  4.10833838e-23  1.84745880e-21  5.68833873e-20
   1.16905109e-18  1.68253874e-17  1.56136208e-16  1.01569696e-15
   1.56140939e-16  1.68278037e-17  1.16965306e-18  5.69730472e-20
   1.85474911e-21  4.14216225e-23  6.45111759e-25  6.88894841e-27
   4.61455018e-29  1.20682975e-31 -9.51654787e-34 -1.17993196e-35
  -5.50859701e-38 -1.08458124e-40  0.00000000e+00]]","[[ 0.00000000e+00 -1.08458123e-40 -5.50859696e-38 -1.17993194e-35
  -9.51654760e-34  1.20682978e-31  4.61455020e-29  6.88894842e-27
   6.45111760e-25  4.14216225e-23  1.85474911e-21  5.69730474e-20
   1.16965307e-18  1.68278038e-17  1.56140941e-16  1.01569694e-15
   1.56136697e-16  1.68258109e-17  1.16918831e-18  5.69044619e-20
   1.84897816e-21  4.11415267e-23  6.36735328e-25  6.72576484e-27
   4.40044195e-29  1.01722758e-31 -1.06365373e-33 -1.22023823e-35
  -5.57741667e-38 -1.08490791e-40  0.00000000e+00]
 [-1.08458123e-40 -5.22395967e-38 -1.12488068e-35 -9.72793738e-34
   1.00880691e-31  4.40798733e-29  7.07905148e-27  7.20821133e-25
   5.13770772e-23  2.63337289e-21  9.68846787e-20  2.50740601e-18
   4.47118100e-17  5.86985362e-16  4.61098706e-15  2.13265679e-14
   4.61087458e-15  5.86926958e-16  4.46969152e-17  2.50486969e-18
   9.66334570e-20  2.61892271e-21  5.08584258e-23  7.08452266e-25
   6.87481170e-27  4.16978271e-29  8.13065100e-32 -1.08251913e-33
  -1.16330177e-35 -5.28935671e-38 -1.08490486e-40]
 [-5.50859696e-38 -1.12488068e-35 -9.76792167e-34  9.14346984e-32
   4.29536267e-29  7.25209950e-27  7.86778267e-25  6.07810006e-23
   3.44581770e-21  1.43898494e-19  4.37309761e-18  9.43780514e-17
   1.42067662e-15  1.67833903e-14  1.14723310e-13  3.05911690e-13
   1.14720862e-13  1.67819793e-14  1.42027835e-15  9.42968388e-17
   4.36348552e-18  1.43241981e-19  3.41780491e-21  5.99785641e-23
   7.70572454e-25  7.01466775e-27  4.04030578e-29  7.15109734e-32
  -1.08608634e-33 -1.16350708e-35 -5.57778865e-38]
 [-1.17993194e-35 -9.72793738e-34  9.14346984e-32  4.25714223e-29
   7.34016997e-27  8.29444025e-25  6.79561759e-23  4.15863291e-21
   1.91000176e-19  6.52447534e-18  1.62320823e-16  2.84397441e-15
   3.39231294e-14  1.95388246e-13  2.36400855e-12  1.37368926e-11
   2.36396766e-12  1.95376428e-13  3.39152785e-14  2.84190143e-15
   1.62015898e-16  6.49931174e-18  1.89721126e-19  4.11498964e-21
   6.68959549e-23  8.10426236e-25  7.08327364e-27  3.99442892e-29
   7.13136923e-32 -1.08422313e-33 -1.22089769e-35]
 [-9.51654760e-34  1.00880691e-31  4.29536267e-29  7.34016997e-27
   8.44204376e-25  7.18570129e-23  4.65212499e-21  2.29940044e-19
   8.60252567e-18  2.39189570e-16  4.79647227e-15  6.61231924e-14
   5.55390528e-13  1.07097662e-11  1.00324365e-10  5.51119180e-10
   1.00322831e-10  1.07092114e-11  5.55295913e-13  6.60852022e-14
   4.78884664e-15  2.38404859e-16  8.55434689e-18  2.27982190e-19
   4.59544959e-21  7.06334070e-23  8.23954662e-25  7.07961777e-27
   4.03408217e-29  8.07104255e-32 -1.06723756e-33]
 [ 1.20682978e-31  4.40798733e-29  7.25209950e-27  8.29444025e-25
   7.18570129e-23  4.82907640e-21  2.52163025e-19  1.01347512e-17
   3.08314333e-16  6.93310038e-15  1.11532947e-13  1.22224299e-12
   2.99026677e-11  5.30668092e-10  2.24569533e-09  9.68186644e-09
   2.24566856e-09  5.30652924e-10  2.99003687e-11  1.22166171e-12
   1.11391921e-13  6.91403640e-15  3.06870833e-16  1.00641180e-17
   2.49730354e-19  4.76649856e-21  7.06103329e-23  8.09791119e-25
   7.00423378e-27  4.15774585e-29  1.00720284e-31]
 [ 4.61455020e-29  7.07905148e-27  7.86778267e-25  6.79561759e-23
   4.65212499e-21  2.52163025e-19  1.07017633e-17  3.49795302e-16
   8.64258906e-15  1.58353532e-13  2.10761565e-12  6.21484251e-11
   1.34376872e-09  9.73809426e-09  6.43608112e-09 -4.02983610e-07
   6.43632565e-09  9.73800008e-09  1.34369907e-09  6.21440223e-11
   2.10568343e-12  1.58012949e-13  8.60962324e-15  3.47826226e-16
   1.06202864e-17  2.49670959e-19  4.59297919e-21  6.68340181e-23
   7.69448122e-25  6.85917115e-27  4.38334944e-29]
 [ 6.88894842e-27  7.20821133e-25  6.07810006e-23  4.15863291e-21
   2.29940044e-19  1.01347512e-17  3.49795302e-16  9.30126658e-15
   1.88692219e-13  2.90564866e-12  9.94413339e-11  2.43167656e-09
   1.93995928e-08 -1.46317023e-07 -6.43523822e-06 -8.63863278e-05
  -6.43523441e-06 -1.46313578e-07  1.93992473e-08  2.43155477e-09
   9.94371078e-11  2.90155401e-12  1.88155685e-13  9.26087361e-15
   3.47763784e-16  1.00601251e-17  2.27833854e-19  4.11103298e-21
   5.98967866e-23  7.07095029e-25  6.70715815e-27]
 [ 6.45111760e-25  5.13770772e-23  3.44581770e-21  1.91000176e-19
   8.60252567e-18  3.08314333e-16  8.64258906e-15  1.88692219e-13
   3.23122196e-12  1.25438431e-10  3.38958810e-09  2.74550968e-08
  -6.69379477e-07 -3.98894447e-05 -1.27262899e-03 -1.84407408e-02
  -1.27262905e-03 -3.98894605e-05 -6.69362784e-07  2.74530793e-08
   3.38956452e-09  1.25437863e-10  3.22575982e-12  1.88132825e-13
   8.60718018e-15  3.06728893e-16  8.54870057e-18  1.89552688e-19
   3.41380214e-21  5.07800174e-23  6.35423901e-25]
 [ 4.14216225e-23  2.63337289e-21  1.43898494e-19  6.52447534e-18
   2.39189570e-16  6.93310038e-15  1.58353532e-13  2.90564866e-12
   1.25438431e-10  3.77233814e-09  3.12767869e-08 -1.51719800e-06
  -1.27384686e-04 -6.92847229e-03 -2.25177507e-01 -3.10359326e+00
  -2.25177507e-01 -6.92847237e-03 -1.27384808e-04 -1.51715056e-06
   3.12711088e-08  3.77245483e-09  1.25438652e-10  2.90112711e-12
   1.57968498e-13  6.91114204e-15  2.38272440e-16  6.49472668e-18
   1.43115404e-19  2.61601519e-21  4.10833838e-23]
 [ 1.85474911e-21  9.68846787e-20  4.37309761e-18  1.62320823e-16
   4.79647227e-15  1.11532947e-13  2.10761565e-12  9.94413339e-11
   3.38958810e-09  3.12767869e-08 -1.97337123e-06 -2.24628918e-04
  -1.80000132e-02 -9.59806358e-01 -2.92711817e+01 -3.70759177e+02
  -2.92711817e+01 -9.59806357e-01 -1.80000131e-02 -2.24629209e-04
  -1.97329885e-06  3.12705650e-08  3.38961054e-09  9.94381205e-11
   2.10529781e-12  1.11361961e-13  4.78711846e-15  1.61943278e-16
   4.36110371e-18  9.65691338e-20  1.84745880e-21]
 [ 5.69730474e-20  2.50740601e-18  9.43780514e-17  2.84397441e-15
   6.61231924e-14  1.22224299e-12  6.21484251e-11  2.43167656e-09
   2.74550968e-08 -1.51719800e-06 -2.24628918e-04 -2.44220038e-02
  -1.88719354e+00 -9.16647930e+01 -2.40029467e+03 -2.22431881e+04
  -2.40029467e+03 -9.16647930e+01 -1.88719354e+00 -2.44220036e-02
  -2.24629220e-04 -1.51714580e-06  2.74525021e-08  2.43156778e-09
   6.21439813e-11  1.22150921e-12  6.60750667e-14  2.84131924e-15
   9.42732611e-17  2.50411174e-18  5.68833873e-20]
 [ 1.16965307e-18  4.47118100e-17  1.42067662e-15  3.39231294e-14
   5.55390528e-13  2.99026677e-11  1.34376872e-09  1.93995928e-08
  -6.69379477e-07 -1.27384686e-04 -1.80000132e-02 -1.88719354e+00
  -1.28818938e+02 -5.00530151e+03 -7.47978255e+04 -2.69683409e+05
  -7.47978255e+04 -5.00530151e+03 -1.28818938e+02 -1.88719354e+00
  -1.80000131e-02 -1.27384821e-04 -6.69360336e-07  1.93991333e-08
   1.34369427e-09  2.98999906e-11  5.55272580e-13  3.39132180e-14
   1.42016905e-15  4.46926734e-17  1.16905109e-18]
 [ 1.68278038e-17  5.86985362e-16  1.67833903e-14  1.95388246e-13
   1.07097662e-11  5.30668092e-10  9.73809426e-09 -1.46317023e-07
  -3.98894447e-05 -6.92847229e-03 -9.59806358e-01 -9.16647930e+01
  -5.00530151e+03 -9.91373032e+04 -4.18092474e+05 -3.72750414e+05
  -4.18092474e+05 -9.91373032e+04 -5.00530151e+03 -9.16647930e+01
  -9.59806357e-01 -6.92847239e-03 -3.98894628e-05 -1.46313043e-07
   9.73798668e-09  5.30650898e-10  1.07091139e-11  1.95374171e-13
   1.67817019e-14  5.86915014e-16  1.68253874e-17]
 [ 1.56140941e-16  4.61098706e-15  1.14723310e-13  2.36400855e-12
   1.00324365e-10  2.24569533e-09  6.43608112e-09 -6.43523822e-06
  -1.27262899e-03 -2.25177507e-01 -2.92711817e+01 -2.40029467e+03
  -7.47978255e+04 -4.18092474e+05 -3.36310191e+05 -5.85159970e+04
  -3.36310191e+05 -4.18092474e+05 -7.47978255e+04 -2.40029467e+03
  -2.92711817e+01 -2.25177507e-01 -1.27262906e-03 -6.43523375e-06
   6.43636478e-09  2.24566503e-09  1.00322610e-10  2.36396263e-12
   1.14720573e-13  4.61086150e-15  1.56136208e-16]
 [ 1.01569694e-15  2.13265679e-14  3.05911690e-13  1.37368926e-11
   5.51119180e-10  9.68186644e-09 -4.02983610e-07 -8.63863278e-05
  -1.84407408e-02 -3.10359326e+00 -3.70759177e+02 -2.22431881e+04
  -2.69683409e+05 -3.72750414e+05 -5.85159970e+04 -6.76538017e+01
  -5.85159970e+04 -3.72750414e+05 -2.69683409e+05 -2.22431881e+04
  -3.70759177e+02 -3.10359326e+00 -1.84407408e-02 -8.63863276e-05
  -4.02983613e-07  9.68186601e-09  5.51119146e-10  1.37368921e-11
   3.05911705e-13  2.13265691e-14  1.01569696e-15]
 [ 1.56136697e-16  4.61087458e-15  1.14720862e-13  2.36396766e-12
   1.00322831e-10  2.24566856e-09  6.43632565e-09 -6.43523441e-06
  -1.27262905e-03 -2.25177507e-01 -2.92711817e+01 -2.40029467e+03
  -7.47978255e+04 -4.18092474e+05 -3.36310191e+05 -5.85159970e+04
  -3.36310191e+05 -4.18092474e+05 -7.47978255e+04 -2.40029467e+03
  -2.92711817e+01 -2.25177507e-01 -1.27262899e-03 -6.43523822e-06
   6.43607853e-09  2.24569520e-09  1.00324365e-10  2.36400854e-12
   1.14723308e-13  4.61098700e-15  1.56140939e-16]
 [ 1.68258109e-17  5.86926958e-16  1.67819793e-14  1.95376428e-13
   1.07092114e-11  5.30652924e-10  9.73800008e-09 -1.46313578e-07
  -3.98894605e-05 -6.92847237e-03 -9.59806357e-01 -9.16647930e+01
  -5.00530151e+03 -9.91373032e+04 -4.18092474e+05 -3.72750414e+05
  -4.18092474e+05 -9.91373032e+04 -5.00530151e+03 -9.16647930e+01
  -9.59806358e-01 -6.92847229e-03 -3.98894446e-05 -1.46317026e-07
   9.73809412e-09  5.30668078e-10  1.07097661e-11  1.95388245e-13
   1.67833902e-14  5.86985356e-16  1.68278037e-17]
 [ 1.16918831e-18  4.46969152e-17  1.42027835e-15  3.39152785e-14
   5.55295913e-13  2.99003687e-11  1.34369907e-09  1.93992473e-08
  -6.69362784e-07 -1.27384808e-04 -1.80000131e-02 -1.88719354e+00
  -1.28818938e+02 -5.00530151e+03 -7.47978255e+04 -2.69683409e+05
  -7.47978255e+04 -5.00530151e+03 -1.28818938e+02 -1.88719354e+00
  -1.80000132e-02 -1.27384686e-04 -6.69379480e-07  1.93995926e-08
   1.34376870e-09  2.99026674e-11  5.55390524e-13  3.39231292e-14
   1.42067661e-15  4.47118097e-17  1.16965306e-18]
 [ 5.69044619e-20  2.50486969e-18  9.42968388e-17  2.84190143e-15
   6.60852022e-14  1.22166171e-12  6.21440223e-11  2.43155477e-09
   2.74530793e-08 -1.51715056e-06 -2.24629209e-04 -2.44220036e-02
  -1.88719354e+00 -9.16647930e+01 -2.40029467e+03 -2.22431881e+04
  -2.40029467e+03 -9.16647930e+01 -1.88719354e+00 -2.44220039e-02
  -2.24628918e-04 -1.51719800e-06  2.74550967e-08  2.43167655e-09
   6.21484247e-11  1.22224299e-12  6.61231921e-14  2.84397440e-15
   9.43780510e-17  2.50740600e-18  5.69730472e-20]
 [ 1.84897816e-21  9.66334570e-20  4.36348552e-18  1.62015898e-16
   4.78884664e-15  1.11391921e-13  2.10568343e-12  9.94371078e-11
   3.38956452e-09  3.12711088e-08 -1.97329885e-06 -2.24629220e-04
  -1.80000131e-02 -9.59806357e-01 -2.92711817e+01 -3.70759177e+02
  -2.92711817e+01 -9.59806358e-01 -1.80000132e-02 -2.24628918e-04
  -1.97337123e-06  3.12767871e-08  3.38958811e-09  9.94413339e-11
   2.10761565e-12  1.11532947e-13  4.79647226e-15  1.62320823e-16
   4.37309760e-18  9.68846785e-20  1.85474911e-21]
 [ 4.11415267e-23  2.61892271e-21  1.43241981e-19  6.49931174e-18
   2.38404859e-16  6.91403640e-15  1.58012949e-13  2.90155401e-12
   1.25437863e-10  3.77245483e-09  3.12705650e-08 -1.51714580e-06
  -1.27384821e-04 -6.92847239e-03 -2.25177507e-01 -3.10359326e+00
  -2.25177507e-01 -6.92847229e-03 -1.27384686e-04 -1.51719800e-06
   3.12767871e-08  3.77233816e-09  1.25438432e-10  2.90564866e-12
   1.58353532e-13  6.93310037e-15  2.39189570e-16  6.52447533e-18
   1.43898494e-19  2.63337289e-21  4.14216225e-23]
 [ 6.36735329e-25  5.08584258e-23  3.41780491e-21  1.89721126e-19
   8.55434689e-18  3.06870833e-16  8.60962324e-15  1.88155685e-13
   3.22575982e-12  1.25438652e-10  3.38961054e-09  2.74525021e-08
  -6.69360336e-07 -3.98894628e-05 -1.27262906e-03 -1.84407408e-02
  -1.27262899e-03 -3.98894446e-05 -6.69379480e-07  2.74550967e-08
   3.38958811e-09  1.25438432e-10  3.23122197e-12  1.88692219e-13
   8.64258906e-15  3.08314333e-16  8.60252566e-18  1.91000176e-19
   3.44581770e-21  5.13770772e-23  6.45111759e-25]
 [ 6.72576484e-27  7.08452266e-25  5.99785641e-23  4.11498964e-21
   2.27982190e-19  1.00641180e-17  3.47826226e-16  9.26087361e-15
   1.88132825e-13  2.90112711e-12  9.94381205e-11  2.43156778e-09
   1.93991333e-08 -1.46313043e-07 -6.43523375e-06 -8.63863276e-05
  -6.43523822e-06 -1.46317026e-07  1.93995926e-08  2.43167655e-09
   9.94413339e-11  2.90564866e-12  1.88692219e-13  9.30126659e-15
   3.49795302e-16  1.01347512e-17  2.29940044e-19  4.15863291e-21
   6.07810006e-23  7.20821132e-25  6.88894841e-27]
 [ 4.40044195e-29  6.87481170e-27  7.70572455e-25  6.68959549e-23
   4.59544959e-21  2.49730354e-19  1.06202864e-17  3.47763784e-16
   8.60718018e-15  1.57968498e-13  2.10529781e-12  6.21439813e-11
   1.34369427e-09  9.73798668e-09  6.43636478e-09 -4.02983613e-07
   6.43607853e-09  9.73809412e-09  1.34376870e-09  6.21484247e-11
   2.10761565e-12  1.58353532e-13  8.64258906e-15  3.49795302e-16
   1.07017633e-17  2.52163025e-19  4.65212499e-21  6.79561758e-23
   7.86778265e-25  7.07905146e-27  4.61455018e-29]
 [ 1.01722758e-31  4.16978271e-29  7.01466775e-27  8.10426236e-25
   7.06334070e-23  4.76649856e-21  2.49670959e-19  1.00601251e-17
   3.06728893e-16  6.91114204e-15  1.11361961e-13  1.22150921e-12
   2.98999906e-11  5.30650898e-10  2.24566503e-09  9.68186601e-09
   2.24569520e-09  5.30668078e-10  2.99026674e-11  1.22224299e-12
   1.11532947e-13  6.93310037e-15  3.08314333e-16  1.01347512e-17
   2.52163025e-19  4.82907639e-21  7.18570128e-23  8.29444023e-25
   7.25209948e-27  4.40798730e-29  1.20682975e-31]
 [-1.06365373e-33  8.13065100e-32  4.04030578e-29  7.08327364e-27
   8.23954662e-25  7.06103329e-23  4.59297919e-21  2.27833854e-19
   8.54870057e-18  2.38272440e-16  4.78711846e-15  6.60750667e-14
   5.55272580e-13  1.07091139e-11  1.00322610e-10  5.51119146e-10
   1.00324365e-10  1.07097661e-11  5.55390524e-13  6.61231921e-14
   4.79647226e-15  2.39189570e-16  8.60252566e-18  2.29940044e-19
   4.65212499e-21  7.18570128e-23  8.44204374e-25  7.34016994e-27
   4.29536263e-29  1.00880688e-31 -9.51654787e-34]
 [-1.22023823e-35 -1.08251913e-33  7.15109734e-32  3.99442892e-29
   7.07961777e-27  8.09791119e-25  6.68340181e-23  4.11103298e-21
   1.89552688e-19  6.49472668e-18  1.61943278e-16  2.84131924e-15
   3.39132180e-14  1.95374171e-13  2.36396263e-12  1.37368921e-11
   2.36400854e-12  1.95388245e-13  3.39231292e-14  2.84397440e-15
   1.62320823e-16  6.52447533e-18  1.91000176e-19  4.15863291e-21
   6.79561758e-23  8.29444023e-25  7.34016994e-27  4.25714219e-29
   9.14346949e-32 -9.72793764e-34 -1.17993196e-35]
 [-5.57741667e-38 -1.16330177e-35 -1.08608634e-33  7.13136923e-32
   4.03408217e-29  7.00423378e-27  7.69448122e-25  5.98967866e-23
   3.41380214e-21  1.43115404e-19  4.36110371e-18  9.42732611e-17
   1.42016905e-15  1.67817019e-14  1.14720573e-13  3.05911705e-13
   1.14723308e-13  1.67833902e-14  1.42067661e-15  9.43780510e-17
   4.37309760e-18  1.43898494e-19  3.44581770e-21  6.07810006e-23
   7.86778265e-25  7.25209948e-27  4.29536263e-29  9.14346949e-32
  -9.76792193e-34 -1.12488070e-35 -5.50859701e-38]
 [-1.08490791e-40 -5.28935671e-38 -1.16350708e-35 -1.08422313e-33
   8.07104255e-32  4.15774585e-29  6.85917115e-27  7.07095029e-25
   5.07800174e-23  2.61601519e-21  9.65691338e-20  2.50411174e-18
   4.46926734e-17  5.86915014e-16  4.61086150e-15  2.13265691e-14
   4.61098700e-15  5.86985356e-16  4.47118097e-17  2.50740600e-18
   9.68846785e-20  2.63337289e-21  5.13770772e-23  7.20821132e-25
   7.07905146e-27  4.40798730e-29  1.00880688e-31 -9.72793764e-34
  -1.12488070e-35 -5.22395972e-38 -1.08458124e-40]
 [ 0.00000000e+00 -1.08490486e-40 -5.57778865e-38 -1.22089769e-35
  -1.06723756e-33  1.00720284e-31  4.38334944e-29  6.70715815e-27
   6.35423901e-25  4.10833838e-23  1.84745880e-21  5.68833873e-20
   1.16905109e-18  1.68253874e-17  1.56136208e-16  1.01569696e-15
   1.56140939e-16  1.68278037e-17  1.16965306e-18  5.69730472e-20
   1.85474911e-21  4.14216225e-23  6.45111759e-25  6.88894841e-27
   4.61455018e-29  1.20682975e-31 -9.51654787e-34 -1.17993196e-35
  -5.50859701e-38 -1.08458124e-40  0.00000000e+00]]"
"[[ 0.00000000e+00  5.19964616e-39  3.27436384e-36  9.86040627e-34
   1.77597907e-31  2.11457766e-29  1.75519535e-27  1.04547571e-25
   4.53042559e-24  1.43019863e-22  3.24397856e-21  5.04249334e-20
   4.50280266e-19 -3.26415036e-20 -5.15071189e-17 -4.12548284e-16
  -5.15075643e-17 -3.29277811e-20  4.50185289e-19  5.04037977e-20
   3.24098195e-21  1.42757149e-22  4.51576399e-24  1.04007189e-25
   1.74170425e-27  2.09154298e-29  1.74931560e-31  9.65801417e-34
   3.18095380e-36  4.98133689e-39  0.00000000e+00]
 [ 5.19964616e-39  1.67322080e-36  5.09444735e-34  1.03843946e-31
   1.42979345e-29  1.37967182e-27  9.58624756e-26  4.86810126e-24
   1.80923349e-22  4.81003714e-21  8.28956605e-20  4.76894101e-19
  -2.01133193e-17 -6.85782686e-16 -9.99518198e-15 -5.63088871e-14
  -9.99518788e-15 -6.85786938e-16 -2.01151001e-17  4.76417702e-19
   8.28141301e-20  4.80157880e-21  1.80373493e-22  4.84462377e-24
   9.51806297e-26  1.36593681e-27  1.41051516e-29  1.01976997e-31
   4.97227548e-34  1.61905122e-36  4.97558206e-39]
 [ 3.27436384e-36  5.09444735e-34  8.26436045e-32  1.10573435e-29
   1.12716329e-27  8.60106322e-26  4.89922590e-24  2.06645551e-22
   6.20824338e-21  1.10573864e-19 -4.43542297e-19 -1.11870813e-16
  -4.22966067e-15 -8.90268379e-14 -1.11892440e-12 -6.14441060e-12
  -1.11892438e-12 -8.90268180e-14 -4.22967977e-15 -1.11878665e-16
  -4.45340990e-19  1.10340569e-19  6.19001311e-21  2.05724766e-22
   4.86758667e-24  8.52457703e-26  1.11387240e-27  1.08885624e-29
   8.10343542e-32  4.96974208e-34  3.17688200e-36]
 [ 9.86040627e-34  1.03843946e-31  1.10573435e-29  1.03745387e-27
   7.94521851e-26  4.77394342e-24  2.18414904e-22  7.13918473e-21
   1.22155335e-19 -3.03603108e-18 -3.53586289e-16 -1.62369502e-14
  -4.64073580e-13 -9.24442475e-12 -1.09348815e-10 -5.68638500e-10
  -1.09348813e-10 -9.24442435e-12 -4.64073392e-13 -1.62369948e-14
  -3.53611828e-16 -3.04097837e-18  1.21659700e-19  7.10862362e-21
   2.17149775e-22  4.73685555e-24  7.86522665e-26  1.02430942e-27
   1.08850879e-29  1.01900884e-31  9.64559699e-34]
 [ 1.77597907e-31  1.42979345e-29  1.12716329e-27  7.94521851e-26
   4.70436258e-24  2.21895939e-22  7.60954961e-21  1.19146116e-19
  -7.00502937e-18 -7.69330991e-16 -4.07837782e-14 -1.57352325e-12
  -4.32535156e-11 -7.97469206e-10 -8.83251169e-09 -4.31725198e-08
  -8.83251162e-09 -7.97469181e-10 -4.32535118e-11 -1.57352168e-12
  -4.07834344e-14 -7.69390542e-16 -7.01504501e-18  1.18338743e-19
   7.56819373e-21  2.20412529e-22  4.66487889e-24  7.86344525e-26
   1.11330254e-27  1.40931212e-29  1.74714238e-31]
 [ 2.11457766e-29  1.37967182e-27  8.60106322e-26  4.77394342e-24
   2.21895939e-22  7.74381241e-21  1.12645669e-19 -1.07405046e-17
  -1.25056305e-15 -7.75192311e-14 -3.72916564e-12 -1.30797618e-10
  -3.27382940e-09 -5.54451452e-08 -5.68027429e-07 -2.56948808e-06
  -5.68027428e-07 -5.54451446e-08 -3.27382926e-09 -1.30797597e-10
  -3.72915953e-12 -7.75180318e-14 -1.25066535e-15 -1.07557815e-17
   1.11608630e-19  7.69740477e-21  2.20375299e-22  4.73509099e-24
   8.51937760e-26  1.36474412e-27  2.08912910e-29]
 [ 1.75519535e-27  9.58624756e-26  4.89922590e-24  2.18414904e-22
   7.60954961e-21  1.12645669e-19 -1.22779192e-17 -1.58252737e-15
  -1.13657773e-13 -6.46160426e-12 -2.75269836e-10 -8.65211101e-09
  -1.94570249e-07 -2.96940942e-06 -2.74853693e-05 -1.11650745e-04
  -2.74853693e-05 -2.96940942e-06 -1.94570247e-07 -8.65211078e-09
  -2.75269763e-10 -6.46158814e-12 -1.13655690e-13 -1.58266241e-15
  -1.22958271e-17  1.11578576e-19  7.56594359e-21  2.17052609e-22
   4.86452534e-24  9.51023298e-26  1.73992731e-27]
 [ 1.04547571e-25  4.86810126e-24  2.06645551e-22  7.13918473e-21
   1.19146116e-19 -1.07405046e-17 -1.58252737e-15 -1.28815619e-13
  -8.44368629e-12 -4.22481931e-10 -1.58961001e-08 -4.39100818e-07
  -8.62622813e-06 -1.14341280e-04 -9.11067519e-04 -3.08711077e-03
  -9.11067519e-04 -1.14341280e-04 -8.62622813e-06 -4.39100817e-07
  -1.58960997e-08 -4.22481778e-10 -8.44366036e-12 -1.28813075e-13
  -1.58266690e-15 -1.07567475e-17  1.18267133e-19  7.10524190e-21
   2.05605216e-22  4.84117510e-24  1.03919347e-25]
 [ 4.53042559e-24  1.80923349e-22  6.20824338e-21  1.22155335e-19
  -7.00502937e-18 -1.25056305e-15 -1.13657773e-13 -8.44368629e-12
  -4.85936653e-10 -2.12960150e-08 -6.92422487e-07 -1.62141588e-05
  -2.63488425e-04 -2.79168940e-03 -1.65562661e-02 -3.20379843e-02
  -1.65562661e-02 -2.79168940e-03 -2.63488425e-04 -1.62141588e-05
  -6.92422489e-07 -2.12960146e-08 -4.85936450e-10 -8.44365913e-12
  -1.13655522e-13 -1.25067560e-15 -7.01632317e-18  1.21585795e-19
   6.18696484e-21  1.80272919e-22  4.51287455e-24]
 [ 1.43019863e-22  4.81003714e-21  1.10573864e-19 -3.03603108e-18
  -7.69330991e-16 -7.75192311e-14 -6.46160426e-12 -4.22481931e-10
  -2.12960150e-08 -8.01686713e-07 -2.16810658e-05 -4.01526815e-04
  -4.72335166e-03 -2.87725927e-02  8.63161420e-03  9.58170806e-01
   8.63161420e-03 -2.87725927e-02 -4.72335166e-03 -4.01526815e-04
  -2.16810657e-05 -8.01686718e-07 -2.12960147e-08 -4.22481763e-10
  -6.46158572e-12 -7.75178292e-14 -7.69400198e-16 -3.04191331e-18
   1.10292328e-19  4.79970905e-21  1.42695816e-22]
 [ 3.24397856e-21  8.28956605e-20 -4.43542297e-19 -3.53586289e-16
  -4.07837782e-14 -3.72916564e-12 -2.75269836e-10 -1.58961001e-08
  -6.92422487e-07 -2.16810658e-05 -4.55442741e-04 -5.61901189e-03
  -2.25569755e-02  4.08385382e-01  7.22152908e+00  3.90033754e+01
   7.22152908e+00  4.08385382e-01 -2.25569755e-02 -5.61901189e-03
  -4.55442741e-04 -2.16810657e-05 -6.92422490e-07 -1.58960998e-08
  -2.75269749e-10 -3.72915796e-12 -4.07833411e-14 -3.53617221e-16
  -4.45771280e-19  8.27933966e-20  3.24018631e-21]
 [ 5.04249334e-20  4.76894101e-19 -1.11870813e-16 -1.62369502e-14
  -1.57352325e-12 -1.30797618e-10 -8.65211101e-09 -4.39100818e-07
  -1.62141588e-05 -4.01526815e-04 -5.61901189e-03 -1.47206862e-02
   8.77887214e-01  1.61266128e+01  1.39775824e+02  5.36586121e+02
   1.39775824e+02  1.61266128e+01  8.77887214e-01 -1.47206862e-02
  -5.61901189e-03 -4.01526815e-04 -1.62141588e-05 -4.39100818e-07
  -8.65211078e-09 -1.30797591e-10 -1.57352113e-12 -1.62369975e-14
  -1.11880501e-16  4.76292584e-19  5.03979500e-20]
 [ 4.50280266e-19 -2.01133193e-17 -4.22966067e-15 -4.64073580e-13
  -4.32535156e-11 -3.27382940e-09 -1.94570249e-07 -8.62622813e-06
  -2.63488425e-04 -4.72335166e-03 -2.25569755e-02  8.77887214e-01
   1.97806771e+01  1.94048842e+02  1.13296207e+03  3.29121529e+03
   1.13296207e+03  1.94048842e+02  1.97806771e+01  8.77887214e-01
  -2.25569755e-02 -4.72335166e-03 -2.63488425e-04 -8.62622812e-06
  -1.94570247e-07 -3.27382925e-09 -4.32535107e-11 -4.64073308e-13
  -4.22968257e-15 -2.01154901e-17  4.50162300e-19]
 [-3.26415036e-20 -6.85782686e-16 -8.90268379e-14 -9.24442475e-12
  -7.97469206e-10 -5.54451452e-08 -2.96940942e-06 -1.14341280e-04
  -2.79168940e-03 -2.87725927e-02  4.08385382e-01  1.61266128e+01
   1.94048842e+02  1.18685171e+03  4.58719151e+03  9.78676013e+03
   4.58719151e+03  1.18685171e+03  1.94048842e+02  1.61266128e+01
   4.08385382e-01 -2.87725927e-02 -2.79168940e-03 -1.14341280e-04
  -2.96940942e-06 -5.54451446e-08 -7.97469177e-10 -9.24442424e-12
  -8.90268113e-14 -6.85787614e-16 -3.29789289e-20]
 [-5.15071189e-17 -9.99518198e-15 -1.11892440e-12 -1.09348815e-10
  -8.83251169e-09 -5.68027429e-07 -2.74853693e-05 -9.11067519e-04
  -1.65562661e-02  8.63161420e-03  7.22152908e+00  1.39775824e+02
   1.13296207e+03  4.58719151e+03  1.22824422e+04  1.66948075e+04
   1.22824422e+04  4.58719151e+03  1.13296207e+03  1.39775824e+02
   7.22152908e+00  8.63161420e-03 -1.65562661e-02 -9.11067519e-04
  -2.74853693e-05 -5.68027428e-07 -8.83251161e-09 -1.09348813e-10
  -1.11892437e-12 -9.99518875e-15 -5.15076233e-17]
 [-4.12548284e-16 -5.63088871e-14 -6.14441060e-12 -5.68638500e-10
  -4.31725198e-08 -2.56948808e-06 -1.11650745e-04 -3.08711077e-03
  -3.20379843e-02  9.58170806e-01  3.90033754e+01  5.36586121e+02
   3.29121529e+03  9.78676013e+03  1.66948075e+04  2.16246668e+04
   1.66948075e+04  9.78676013e+03  3.29121529e+03  5.36586121e+02
   3.90033754e+01  9.58170806e-01 -3.20379843e-02 -3.08711077e-03
  -1.11650745e-04 -2.56948808e-06 -4.31725198e-08 -5.68638500e-10
